#FIG 3.2
Landscape
Center
Inches
Letter  
100.00
Single
-2
1200 2
1 3 0 1 8 8 100 0 20 0.000 1 0.0000 2475 2850 75 75 2475 2850 2550 2850
1 3 0 1 8 8 100 0 20 0.000 1 0.0000 6150 2850 75 75 6150 2850 6225 2850
1 3 0 1 12 12 100 0 20 0.000 1 0.0000 5400 3750 75 75 5400 3750 5475 3750
1 3 0 1 12 12 100 0 20 0.000 1 0.0000 8850 3750 75 75 8850 3750 8925 3750
1 3 0 1 8 8 100 0 20 0.000 1 0.0000 4125 2850 75 75 4125 2850 4200 2850
1 3 0 1 8 8 100 0 20 0.000 1 0.0000 9300 2850 75 75 9300 2850 9375 2850
1 3 0 1 8 8 100 0 20 0.000 1 0.0000 12525 2850 75 75 12525 2850 12600 2850
1 3 0 1 12 12 100 0 20 0.000 1 0.0000 3225 3750 75 75 3225 3750 3300 3750
1 3 0 1 12 12 100 0 20 0.000 1 0.0000 7350 3750 75 75 7350 3750 7425 3750
1 3 0 1 12 12 100 0 20 0.000 1 0.0000 8400 3750 75 75 8400 3750 8475 3750
1 3 0 1 12 12 100 0 20 0.000 1 0.0000 9825 3750 75 75 9825 3750 9900 3750
1 3 0 1 12 12 100 0 20 0.000 1 0.0000 10350 3750 75 75 10350 3750 10425 3750
1 3 0 1 12 12 100 0 20 0.000 1 0.0000 11400 3750 75 75 11400 3750 11475 3750
1 3 0 1 12 12 100 0 20 0.000 1 0.0000 13275 3750 75 75 13275 3750 13350 3750
1 3 0 1 20 20 100 0 20 0.000 1 0.0000 4425 4650 75 75 4425 4650 4500 4650
1 3 0 1 20 20 100 0 20 0.000 1 0.0000 7425 4650 75 75 7425 4650 7500 4650
1 3 0 1 20 20 100 0 20 0.000 1 0.0000 8850 4650 75 75 8850 4650 8925 4650
1 3 0 1 20 20 100 0 20 0.000 1 0.0000 9600 4650 75 75 9600 4650 9675 4650
1 3 0 1 20 20 100 0 20 0.000 1 0.0000 10275 4650 75 75 10275 4650 10350 4650
1 3 0 1 20 20 100 0 20 0.000 1 0.0000 11100 4650 75 75 11100 4650 11175 4650
1 3 0 1 20 20 100 0 20 0.000 1 0.0000 11735 4659 75 75 11735 4659 11810 4659
1 3 0 1 20 20 100 0 20 0.000 1 0.0000 12900 4650 75 75 12900 4650 12975 4650
1 3 0 1 15 15 100 0 20 0.000 1 0.0000 3225 5550 75 75 3225 5550 3300 5550
1 3 0 1 15 15 100 0 20 0.000 1 0.0000 6375 5550 75 75 6375 5550 6450 5550
1 3 0 1 15 15 100 0 20 0.000 1 0.0000 6975 5550 75 75 6975 5550 7050 5550
1 3 0 1 15 15 100 0 20 0.000 1 0.0000 8550 5550 75 75 8550 5550 8625 5550
1 3 0 1 15 15 100 0 20 0.000 1 0.0000 9525 5550 75 75 9525 5550 9600 5550
1 3 0 1 15 15 100 0 20 0.000 1 0.0000 11625 5550 75 75 11625 5550 11700 5550
1 3 0 1 15 15 100 0 20 0.000 1 0.0000 12675 5550 75 75 12675 5550 12750 5550
2 2 0 1 0 7 100 0 -1 0.000 0 0 -1 0 0 5
	 3000 1425 3900 1425 3900 1875 3000 1875 3000 1425
2 2 0 1 0 7 100 0 -1 0.000 0 0 -1 0 0 5
	 3900 1425 4800 1425 4800 1875 3900 1875 3900 1425
2 2 0 1 0 7 100 0 -1 0.000 0 0 -1 0 0 5
	 4800 1425 5700 1425 5700 1875 4800 1875 4800 1425
2 2 0 1 0 7 100 0 -1 0.000 0 0 -1 0 0 5
	 5700 1425 6600 1425 6600 1875 5700 1875 5700 1425
2 2 0 1 0 7 100 0 -1 0.000 0 0 -1 0 0 5
	 6600 1425 7500 1425 7500 1875 6600 1875 6600 1425
2 2 0 1 0 7 100 0 -1 0.000 0 0 -1 0 0 5
	 7500 1425 9075 1425 9075 1875 7500 1875 7500 1425
2 2 0 1 0 7 100 0 -1 0.000 0 0 -1 0 0 5
	 9075 1425 10650 1425 10650 1875 9075 1875 9075 1425
2 2 0 1 0 7 100 0 -1 0.000 0 0 -1 0 0 5
	 10650 1425 12225 1425 12225 1875 10650 1875 10650 1425
2 2 0 1 0 7 100 0 -1 0.000 0 0 -1 0 0 5
	 12225 1425 13800 1425 13800 1875 12225 1875 12225 1425
2 2 0 1 0 7 100 0 -1 0.000 0 0 -1 0 0 5
	 13800 1425 750 1425 750 6450 13800 6450 13800 1425
2 2 0 1 0 7 100 0 -1 0.000 0 0 -1 0 0 5
	 750 1425 3000 1425 3000 1875 750 1875 750 1425
2 1 0 3 8 7 100 0 -1 0.000 0 0 -1 0 0 2
	 2475 2850 12525 2850
2 1 0 2 12 7 100 0 -1 0.000 0 0 -1 0 0 2
	 3300 3750 13275 3750
2 1 0 2 20 7 100 0 -1 0.000 0 0 -1 0 0 2
	 4425 4650 12975 4650
2 1 0 2 15 7 100 0 -1 0.000 0 0 -1 0 0 2
	 3225 5550 12675 5550
4 0 0 100 0 16 12 0.0000 4 135 615 2325 1725 1991 ...\001
4 0 0 100 0 16 12 0.0000 4 135 420 3225 1725 1993\001
4 0 0 100 0 16 12 0.0000 4 135 420 4125 1725 1994\001
4 0 0 100 0 16 12 0.0000 4 135 420 5025 1725 1995\001
4 0 0 100 0 16 12 0.0000 4 135 420 5925 1725 1996\001
4 0 0 100 0 16 12 0.0000 4 135 420 6825 1725 1997\001
4 0 0 100 0 16 12 0.0000 4 135 420 8100 1725 1998\001
4 0 0 100 0 16 12 0.0000 4 135 420 9675 1725 1999\001
4 0 0 100 0 16 12 0.0000 4 135 420 11250 1725 2000\001
4 0 0 100 0 16 12 0.0000 4 135 420 12825 1725 2001\001
4 0 0 100 0 16 12 0.0000 4 135 1020 1050 2925 Linux kernel\001
4 0 0 100 0 16 12 0.0000 4 135 10320 2325 2700 0.01                      1.0                             2.0                                                 2.2                                                 2.4\001
4 0 0 100 0 16 12 0.0000 4 135 10335 3075 3600 1.0                                3.0                            3.4              3.5   3.6           4.0     7.0              7.1                           8.0\001
4 0 0 100 0 16 12 0.0000 4 135 870 1950 3825 Slackware\001
4 0 0 100 0 16 12 0.0000 4 135 1560 1425 5625 Debian GNU/Linux\001
4 0 0 100 0 16 12 0.0000 4 135 9795 3150 5400                                                     1.2      1.3                     2.0             2.1                              2.2             2.2r3\001
4 0 0 100 0 16 12 0.0000 4 135 5685 7350 4500 5.0                   5.2        6.0       6.1          6.2      7.0               7.1\001
4 0 0 100 0 16 12 0.0000 4 135 585 3600 4725 Redhat\001
