#FIG 3.2
Landscape
Center
Inches
Letter  
100.00
Single
0
1200 2
6 5250 4950 7050 6525
6 5460 4950 6675 6000
2 4 0 1 -1 -1 0 0 5 0.000 0 0 7 0 0 5
	 6465 5820 6465 5130 5685 5130 5685 5820 6465 5820
2 3 0 1 -1 -1 2 0 3 0.000 0 0 -1 0 0 5
	 5565 5010 5685 4950 6540 4950 6600 5010 5565 5010
2 4 0 1 -1 -1 2 0 -1 0.000 0 0 7 0 0 5
	 6660 5955 5505 5955 5505 5010 6660 5010 6660 5955
-6
6 5250 6000 6990 6465
6 5370 6030 6900 6465
6 5445 6390 6540 6465
2 2 0 1 -1 -1 0 0 -1 0.000 0 0 0 0 0 5
	 5655 6465 5655 6390 5565 6390 5565 6465 5655 6465
2 2 0 1 -1 -1 0 0 -1 0.000 0 0 0 0 0 5
	 5730 6465 5730 6390 5655 6390 5655 6465 5730 6465
2 2 0 1 -1 -1 0 0 -1 0.000 0 0 0 0 0 5
	 5805 6465 5805 6390 5730 6390 5730 6465 5805 6465
2 2 0 1 -1 -1 0 0 -1 0.000 0 0 0 0 0 5
	 5880 6465 5880 6390 5805 6390 5805 6465 5880 6465
2 2 0 1 -1 -1 0 0 -1 0.000 0 0 0 0 0 5
	 5955 6465 5955 6390 5880 6390 5880 6465 5955 6465
2 2 0 1 -1 -1 0 0 -1 0.000 0 0 0 0 0 5
	 6030 6465 6030 6390 5955 6390 5955 6465 6030 6465
2 2 0 1 -1 -1 0 0 -1 0.000 0 0 0 0 0 5
	 6105 6465 6105 6390 6030 6390 6030 6465 6105 6465
2 2 0 1 -1 -1 0 0 -1 0.000 0 0 0 0 0 5
	 6165 6465 6165 6390 6105 6390 6105 6465 6165 6465
2 2 0 1 -1 -1 0 0 -1 0.000 0 0 0 0 0 5
	 6240 6465 6240 6390 6165 6390 6165 6465 6240 6465
2 2 0 1 -1 -1 0 0 -1 0.000 0 0 0 0 0 5
	 6315 6465 6315 6390 6240 6390 6240 6465 6315 6465
2 2 0 1 -1 -1 0 0 -1 0.000 0 0 0 0 0 5
	 6540 6465 6540 6390 6315 6390 6315 6465 6540 6465
2 2 0 1 -1 -1 0 0 -1 0.000 0 0 0 0 0 5
	 5655 6465 5655 6390 5445 6390 5445 6465 5655 6465
-6
6 5550 6315 6360 6390
2 2 0 1 -1 -1 0 0 -1 0.000 0 0 0 0 0 5
	 6360 6390 6360 6315 6285 6315 6285 6390 6360 6390
2 2 0 1 -1 -1 0 0 -1 0.000 0 0 0 0 0 5
	 5625 6390 5625 6315 5550 6315 5550 6390 5625 6390
2 2 0 1 -1 -1 0 0 -1 0.000 0 0 0 0 0 5
	 5700 6390 5700 6315 5625 6315 5625 6390 5700 6390
2 2 0 1 -1 -1 0 0 -1 0.000 0 0 0 0 0 5
	 5775 6390 5775 6315 5700 6315 5700 6390 5775 6390
2 2 0 1 -1 -1 0 0 -1 0.000 0 0 0 0 0 5
	 5865 6390 5865 6315 5775 6315 5775 6390 5865 6390
2 2 0 1 -1 -1 0 0 -1 0.000 0 0 0 0 0 5
	 6000 6390 6000 6315 5925 6315 5925 6390 6000 6390
2 2 0 1 -1 -1 0 0 -1 0.000 0 0 0 0 0 5
	 6075 6390 6075 6315 6000 6315 6000 6390 6075 6390
2 2 0 1 -1 -1 0 0 -1 0.000 0 0 0 0 0 5
	 6135 6390 6135 6315 6075 6315 6075 6390 6135 6390
2 2 0 1 -1 -1 0 0 -1 0.000 0 0 0 0 0 5
	 6210 6390 6210 6315 6135 6315 6135 6390 6210 6390
2 2 0 1 -1 -1 0 0 -1 0.000 0 0 0 0 0 5
	 6285 6390 6285 6315 6210 6315 6210 6390 6285 6390
2 2 0 1 -1 -1 0 0 -1 0.000 0 0 0 0 0 5
	 5925 6390 5925 6315 5865 6315 5865 6390 5925 6390
-6
6 5415 6240 6540 6315
2 2 0 1 -1 -1 0 0 -1 0.000 0 0 0 0 0 5
	 6540 6315 6540 6240 6375 6240 6375 6315 6540 6315
2 2 0 1 -1 -1 0 0 -1 0.000 0 0 0 0 0 5
	 5415 6315 5415 6240 5520 6240 5520 6315 5415 6315
2 2 0 1 -1 -1 0 0 -1 0.000 0 0 0 0 0 5
	 6315 6315 6315 6240 6240 6240 6240 6315 6315 6315
2 2 0 1 -1 -1 0 0 -1 0.000 0 0 0 0 0 5
	 6375 6315 6375 6240 6315 6240 6315 6315 6375 6315
2 2 0 1 -1 -1 0 0 -1 0.000 0 0 0 0 0 5
	 5565 6315 5565 6240 5520 6240 5520 6315 5565 6315
2 2 0 1 -1 -1 0 0 -1 0.000 0 0 0 0 0 5
	 5655 6315 5655 6240 5565 6240 5565 6315 5655 6315
2 2 0 1 -1 -1 0 0 -1 0.000 0 0 0 0 0 5
	 5730 6315 5730 6240 5655 6240 5655 6315 5730 6315
2 2 0 1 -1 -1 0 0 -1 0.000 0 0 0 0 0 5
	 5805 6315 5805 6240 5730 6240 5730 6315 5805 6315
2 2 0 1 -1 -1 0 0 -1 0.000 0 0 0 0 0 5
	 5880 6315 5880 6240 5805 6240 5805 6315 5880 6315
2 2 0 1 -1 -1 0 0 -1 0.000 0 0 0 0 0 5
	 5955 6315 5955 6240 5880 6240 5880 6315 5955 6315
2 2 0 1 -1 -1 0 0 -1 0.000 0 0 0 0 0 5
	 6030 6315 6030 6240 5955 6240 5955 6315 6030 6315
2 2 0 1 -1 -1 0 0 -1 0.000 0 0 0 0 0 5
	 6105 6315 6105 6240 6030 6240 6030 6315 6105 6315
2 2 0 1 -1 -1 0 0 -1 0.000 0 0 0 0 0 5
	 6165 6315 6165 6240 6105 6240 6105 6315 6165 6315
2 2 0 1 -1 -1 0 0 -1 0.000 0 0 0 0 0 5
	 6240 6315 6240 6240 6165 6240 6165 6315 6240 6315
-6
6 5550 6180 6435 6240
2 2 0 1 -1 -1 0 0 -1 0.000 0 0 0 0 0 5
	 6360 6240 6360 6180 6285 6180 6285 6240 6360 6240
2 2 0 1 -1 -1 0 0 -1 0.000 0 0 0 0 0 5
	 6435 6240 6435 6180 6360 6180 6360 6240 6435 6240
2 2 0 1 -1 -1 0 0 -1 0.000 0 0 0 0 0 5
	 5625 6240 5625 6180 5550 6180 5550 6240 5625 6240
2 2 0 1 -1 -1 0 0 -1 0.000 0 0 0 0 0 5
	 5700 6240 5700 6180 5625 6180 5625 6240 5700 6240
2 2 0 1 -1 -1 0 0 -1 0.000 0 0 0 0 0 5
	 5775 6240 5775 6180 5700 6180 5700 6240 5775 6240
2 2 0 1 -1 -1 0 0 -1 0.000 0 0 0 0 0 5
	 5865 6240 5865 6180 5775 6180 5775 6240 5865 6240
2 2 0 1 -1 -1 0 0 -1 0.000 0 0 0 0 0 5
	 5925 6240 5925 6180 5865 6180 5865 6240 5925 6240
2 2 0 1 -1 -1 0 0 -1 0.000 0 0 0 0 0 5
	 6075 6240 6075 6180 6000 6180 6000 6240 6075 6240
2 2 0 1 -1 -1 0 0 -1 0.000 0 0 0 0 0 5
	 6135 6240 6135 6180 6075 6180 6075 6240 6135 6240
2 2 0 1 -1 -1 0 0 -1 0.000 0 0 0 0 0 5
	 6210 6240 6210 6180 6135 6180 6135 6240 6210 6240
2 2 0 1 -1 -1 0 0 -1 0.000 0 0 0 0 0 5
	 6285 6240 6285 6180 6210 6180 6210 6240 6285 6240
2 2 0 1 -1 -1 0 0 -1 0.000 0 0 0 0 0 5
	 6000 6240 6000 6180 5925 6180 5925 6240 6000 6240
-6
6 6600 6180 6810 6240
2 2 0 1 -1 -1 0 0 -1 0.000 0 0 0 0 0 5
	 6675 6240 6675 6180 6600 6180 6600 6240 6675 6240
2 2 0 1 -1 -1 0 0 -1 0.000 0 0 0 0 0 5
	 6735 6240 6735 6180 6675 6180 6675 6240 6735 6240
2 2 0 1 -1 -1 0 0 -1 0.000 0 0 0 0 0 5
	 6810 6240 6810 6180 6735 6180 6735 6240 6810 6240
-6
6 5370 6030 6630 6105
6 5505 6030 5790 6105
2 2 0 1 -1 -1 0 0 -1 0.000 0 0 0 0 0 5
	 5565 6105 5565 6030 5505 6030 5505 6105 5565 6105
2 2 0 1 -1 -1 0 0 -1 0.000 0 0 0 0 0 5
	 5640 6105 5640 6030 5565 6030 5565 6105 5640 6105
2 2 0 1 -1 -1 0 0 -1 0.000 0 0 0 0 0 5
	 5730 6105 5730 6030 5640 6030 5640 6105 5730 6105
2 2 0 1 -1 -1 0 0 -1 0.000 0 0 0 0 0 5
	 5790 6105 5790 6030 5730 6030 5730 6105 5790 6105
-6
6 6330 6030 6630 6105
2 2 0 1 -1 -1 0 0 -1 0.000 0 0 0 0 0 5
	 6405 6105 6405 6030 6330 6030 6330 6105 6405 6105
2 2 0 1 -1 -1 0 0 -1 0.000 0 0 0 0 0 5
	 6480 6105 6480 6030 6405 6030 6405 6105 6480 6105
2 2 0 1 -1 -1 0 0 -1 0.000 0 0 0 0 0 5
	 6555 6105 6555 6030 6480 6030 6480 6105 6555 6105
2 2 0 1 -1 -1 0 0 -1 0.000 0 0 0 0 0 5
	 6630 6105 6630 6030 6555 6030 6555 6105 6630 6105
-6
6 5910 6030 6195 6105
2 2 0 1 -1 -1 0 0 -1 0.000 0 0 0 0 0 5
	 6000 6105 6000 6030 5910 6030 5910 6105 6000 6105
2 2 0 1 -1 -1 0 0 -1 0.000 0 0 0 0 0 5
	 6060 6105 6060 6030 6000 6030 6000 6105 6060 6105
2 2 0 1 -1 -1 0 0 -1 0.000 0 0 0 0 0 5
	 6120 6105 6120 6030 6060 6030 6060 6105 6120 6105
2 2 0 1 -1 -1 0 0 -1 0.000 0 0 0 0 0 5
	 6195 6105 6195 6030 6120 6030 6120 6105 6195 6105
-6
2 2 0 1 -1 -1 0 0 -1 0.000 0 0 0 0 0 5
	 5445 6105 5445 6030 5370 6030 5370 6105 5445 6105
-6
2 2 0 1 -1 -1 0 0 -1 0.000 0 0 0 0 0 5
	 6360 6315 6360 6390 6540 6390 6540 6315 6360 6315
2 2 0 1 -1 -1 0 0 -1 0.000 0 0 0 0 0 5
	 5415 6315 5415 6390 5550 6390 5550 6315 5415 6315
2 2 0 1 -1 -1 0 0 -1 0.000 0 0 0 0 0 5
	 5550 6240 5550 6180 5490 6180 5490 6240 5550 6240
2 2 0 1 -1 -1 0 0 -1 0.000 0 0 0 0 0 5
	 5490 6240 5490 6180 5415 6180 5415 6240 5490 6240
2 2 0 1 -1 -1 0 0 -1 0.000 0 0 0 0 0 5
	 6540 6240 6540 6180 6435 6180 6435 6240 6540 6240
2 2 0 1 -1 -1 0 0 -1 0.000 0 0 0 0 0 5
	 6750 6390 6750 6315 6690 6315 6690 6390 6750 6390
2 2 0 1 -1 -1 0 0 -1 0.000 0 0 0 0 0 5
	 6690 6465 6690 6390 6615 6390 6615 6465 6690 6465
2 2 0 1 -1 -1 0 0 -1 0.000 0 0 0 0 0 5
	 6750 6465 6750 6390 6690 6390 6690 6465 6750 6465
2 2 0 1 -1 -1 0 0 -1 0.000 0 0 0 0 0 5
	 6825 6465 6825 6390 6750 6390 6750 6465 6825 6465
2 2 0 1 -1 -1 0 0 -1 0.000 0 0 0 0 0 5
	 6750 6105 6750 6030 6690 6030 6690 6105 6750 6105
2 2 0 1 -1 -1 0 0 -1 0.000 0 0 0 0 0 5
	 6900 6105 6900 6030 6825 6030 6825 6105 6900 6105
-6
2 3 0 1 -1 -1 0 0 -1 0.000 0 0 0 0 0 5
	 5310 6000 5250 6465 6990 6465 6930 6000 5310 6000
-6
-6
6 1800 2550 2175 2850
2 1 0 1 0 7 100 0 -1 0.000 0 0 -1 0 0 2
	 1800 2550 2175 2550
2 1 0 1 0 7 100 0 -1 0.000 0 0 -1 0 0 2
	 1800 2700 2175 2700
2 1 0 1 0 7 100 0 -1 0.000 0 0 -1 0 0 2
	 1800 2850 2175 2850
-6
6 4350 2550 4725 2850
2 1 0 1 0 7 100 0 -1 0.000 0 0 -1 0 0 2
	 4350 2550 4725 2550
2 1 0 1 0 7 100 0 -1 0.000 0 0 -1 0 0 2
	 4350 2700 4725 2700
2 1 0 1 0 7 100 0 -1 0.000 0 0 -1 0 0 2
	 4350 2850 4725 2850
-6
6 8025 2400 8625 3000
1 2 0 1 0 7 100 0 -1 0.000 1 0.0000 8362 2925 113 75 8475 2850 8250 3000
2 2 0 1 0 7 100 0 -1 0.000 0 0 -1 0 0 5
	 8025 2475 8400 2475 8400 2775 8025 2775 8025 2475
2 3 0 1 0 7 100 0 -1 0.000 0 0 -1 0 0 4
	 8400 2400 8250 2700 8625 2700 8400 2400
-6
6 9525 2400 10125 3000
1 2 0 1 0 7 100 0 -1 0.000 1 0.0000 9862 2925 113 75 9975 2850 9750 3000
2 2 0 1 0 7 100 0 -1 0.000 0 0 -1 0 0 5
	 9525 2475 9900 2475 9900 2775 9525 2775 9525 2475
2 3 0 1 0 7 100 0 -1 0.000 0 0 -1 0 0 4
	 9900 2400 9750 2700 10125 2700 9900 2400
-6
2 3 0 1 -1 -1 2 0 3 0.000 0 0 -1 0 0 5
	 1530 2235 1650 2175 2505 2175 2565 2235 1530 2235
2 4 0 1 -1 -1 2 0 -1 0.000 0 0 7 0 0 5
	 2625 3180 1470 3180 1470 2235 2625 2235 2625 3180
2 1 0 1 0 7 100 0 -1 0.000 0 0 -1 1 0 2
	1 1 2.00 60.00 120.00
	 6600 4575 9825 3225
2 1 0 1 0 7 100 0 -1 0.000 0 0 -1 1 0 2
	1 1 2.00 60.00 120.00
	 6825 4650 11325 3300
2 3 0 1 -1 -1 2 0 3 0.000 0 0 -1 0 0 5
	 7815 2235 7935 2175 8790 2175 8850 2235 7815 2235
2 3 0 1 -1 -1 2 0 3 0.000 0 0 -1 0 0 5
	 9330 2235 9450 2175 10305 2175 10365 2235 9330 2235
2 4 0 1 -1 -1 2 0 -1 0.000 0 0 7 0 0 5
	 10425 3180 9270 3180 9270 2235 10425 2235 10425 3180
2 4 0 1 -1 -1 0 0 -1 0.000 0 0 7 0 0 5
	 8715 3045 7935 3045 7935 2355 8715 2355 8715 3045
2 4 0 1 -1 -1 0 0 -1 0.000 0 0 7 0 0 5
	 10230 3045 9450 3045 9450 2355 10230 2355 10230 3045
2 4 0 1 -1 -1 0 0 -1 0.000 0 0 7 0 0 5
	 2430 3045 1650 3045 1650 2355 2430 2355 2430 3045
2 3 0 1 -1 -1 2 0 3 0.000 0 0 -1 0 0 5
	 4080 2235 4200 2175 5055 2175 5115 2235 4080 2235
2 4 0 1 -1 -1 2 0 -1 0.000 0 0 7 0 0 5
	 5175 3180 4020 3180 4020 2235 5175 2235 5175 3180
2 4 0 1 -1 -1 0 0 -1 0.000 0 0 7 0 0 5
	 4980 3045 4200 3045 4200 2355 4980 2355 4980 3045
2 4 1 2 1 1 100 0 -1 4.000 0 0 7 0 0 5
	 11925 3450 900 3450 900 1575 11925 1575 11925 3450
2 1 0 1 0 7 100 0 -1 0.000 0 0 -1 1 0 2
	1 1 2.00 60.00 120.00
	 5625 4575 2025 3225
2 1 0 1 0 7 100 0 -1 0.000 0 0 -1 1 0 2
	1 1 2.00 60.00 120.00
	 5925 4425 4575 3150
2 4 0 1 -1 -1 2 0 -1 0.000 0 0 7 0 0 5
	 8910 3180 7755 3180 7755 2235 8910 2235 8910 3180
2 1 0 1 0 7 100 0 -1 0.000 0 0 -1 1 0 2
	1 1 2.00 60.00 120.00
	 6300 4425 8325 3225
4 0 0 100 0 18 12 0.0000 4 135 765 5775 4725 Ctrl+Alt+\001
4 0 0 100 0 18 12 0.0000 4 30 360 3150 3150 ......\001
4 0 0 100 0 18 12 0.0000 4 135 210 4725 3825 F5\001
4 0 0 100 0 18 12 0.0000 4 30 360 11025 3150 ......\001
4 0 0 100 0 18 12 0.0000 4 135 210 2475 3750 F1\001
4 0 0 100 0 18 12 0.0000 4 135 210 6975 3825 F7\001
4 0 0 100 0 18 12 0.0000 4 135 210 8025 3825 F8\001
4 0 12 100 0 18 14 0.0000 4 210 1455 8550 1875 Graphic mode\001
4 0 0 100 0 18 14 0.0000 4 165 1050 3000 1875 Text mode\001
4 0 0 100 0 18 14 0.0000 4 165 1545 5550 1275 Vitual Terminal\001
